1   12
1   26  
1   24 
1   15
1   15
1   12
1   21
1   12
1   5
1   12
1   26  
1   12
1   15
1   24
1   21
1   26
1   12
1   21   
1   15
1   12
1   15
1   26
1   21
1   24
1   12
2   3
2   10
2   20
2   20
2   3
2   10
2   10
2   21
2   20
2   10
2   10
2   3
2   3
2   10
2   3
2   10
2   20
2   20
2   3
2   3
2   10
2   10
2   10
2   3
2   21
3   10
3   20
3   2
3   2
3   10  
3   2
3   10
3   10  
3   2
3   20
3   20
3   20
3   10
3   2
3   20
3   2
3   10
3   10
3   2
3   2
3   20
3   2
3   20
3   2
3   10
4   11
4   5
4   11
4   11
4   5
4   11
4   15
4   15
4   11
4   5
4   11
4   11
4   8   
4   8
4   15
4   8
4   11
4   11
4   7
4   11
4   8
4   15
4   8
4   11
4   11
5   4
5   11
5   11
5   16
5   23
5   11
5   23
5   11
5   15
5   11
5   7
5   7
5   11
5   11
5   11
5   15
5   23
5   16
5   8
5   15
5   11
5   11
5   7
5   11
5   8
6   22
6   15
6   22
6   12
6   5
6   15
6   18
6   15
6   14
6   4
6   12
6   22
6   22
6   15
6   14
6   4
6   22
6   22
6   12
6   5
6   5
6   12
6   4
6   5
6   5
7   14
7   14
7   14
7   14
7   18
7   14
7   18
7   14
7   18
7   14
7   14
7   18
7   14
7   18
7   14
7   18
7   14
7   14
7   18
7   14
7   14
7   14
7   18
7   14
7   18
8   4
8   5
8   9
8   4
8   5
8   16
8   16
8   9
8   4
8   5
8   9
8   5
8   10
8   5
8   9 
8   10
8   5
8   4
8   4
8   4
8   16
8   9
8   9
8   4
8   5
9   8
9   8
9   22
9   22
9   8
9   10
9   22
9   50
9   22
9   10
9   8
9   22
9   10
9   8
9   50
9   22
9   50
9   50
9   50
9   22
9   50
9   8
9   8
9   50
9   22
10  3
10  8
10  15
10  3
10  2
10  2
10  3
10  22
10  22
10  3
10  8
10  2
10  3
10  2
10  8
10  8
10  3
10  2
10  2
10  8
10  8
10  3
10  2
10  3
10  8
11  5
11  5
11  4
11  15
11  4
11  5
11  5
11  4
11  15
11  5
11  4
11  5
11  4
11  5
11  5
11  4
11  4
11  5
11  5
11  4
11  15
11  4
11  4
11  4
11  5
12  15
12  14
12  26
12  26
12  15
12  15
12  14
12  6
12  15
12  26
12  16
12  16
12  15
12  14
12  26
12  6
12  14
12  14
12  14
12  15
12  6
12  16
12  15
12  14
12  26
13  17
13  19
13  25
13  19
13  9
13  19
13  17
13  17
13  25  
13  19
13  17
13  19
13  25
13  25
13  19
13  9
13  17
13  19
13  19
13  17
13  25
13  19
13  19
13  17
13  25
14  7
14  7
14  7
14  18
14  18
14  7
14  7
14  7
14  7
14  18
14  18
14  7
14  7
14  7
14  7
14  18
14  18
14  18
14  7
14  7
14  18
14  7
14  7
14  7
14  7
15  16
15  10
15  12
15  12
15  5
15  11
15  5
15  16
15  12
15  26
15  16
15  11  
15  16
15  10
15  10
15  10
15  11
15  4
15  11
15  4
15  12
15  10
15  5
15  16
15  12
16  23
16  10
16  5
16  1
16  23
16  15
16  5
16  10
16  23
16  12
16  1
16  23
16  5
16  23
16  1
16  23
16  15
16  1
16  12
16  5
16  10
16  1
16  15
16  23
16  23
17  25
17  25
17  14
17  25
17  25
17  25
17  7
17  25
17  25
17  14
17  14
17  7
17  25
17  25
17  25
17  7
17  14
17  14
17  25
17  25
17  25
17  14
17  7
17  25
17  25
18  7
18  14
18  14
18  20
18  20
18  14
18  7
18  7
18  7
18  20
18  20
18  14
18  14
18  20
18  7
18  7
18  14
18  14
18  20
18  20
18  20
18  7
18  7
18  7
18  20
19  8
19  8   
19  9
19  9
19  9
19  13
19  13
19  13
19  9
19  9
19  9
19  13
19  13
19  13
19  9
19  8
19  8
19  13
19  9
19  13
19  13
19  13
19  9
19  9
19  13
20  3
20  3
20  18
20  18
20  10
20  10
20  18
20  3
20  3
20  18
20  10
20  18
20  18
20  18
20  10
20  10  
20  3
20  3
20  10
20  3
20  10
20  18
20  18
20  10
20  18
21  1
21  26
21  24
21  26
21  26
21  15
21  24
21  26
21  1
21  24
21  26
21  12
21  24
21  26
21  1
21  26
21  24
21  24
21  26
21  24
21  26
21  1
21  15
21  24
21  26
22  3
22  6
22  6
22  9
22  9
22  9
22  10
22  6
22  6
22  9
22  3
22  6
22  9
22  10
22  6
22  6
22  6
22  9
22  10
22  10
22  3
22  6
22  9
22  9
22  9
23  16
23  16
23  5
23  21
23  5
23  16
23  16
23  10
23  5
23  10
23  16
23  21
23  24
23  16
23  16
23  24
23  21
23  16
23  16
23  5
23  16
23  16
23  5
23  16
23  16
24  21
24  26
24  21
24  21
24  1
24  26
24  1
24  21
24  21
24  12
24  26
24  1
24  12
24  26
24  21
24  21
24  26
24  1
24  12
24  26
24  21
24  26
24  26
24  1
24  24
25  6
25  17
25  17
25  13
25  17
25  13
25  6
25  14
25  17
25  13
25  13
25  17
25  14
25  14
25  6
25  17
25  17
25  17
25  13
25  13
25  14
25  6
25  17
25  6
25  13
26  1
26  12
26  12
26  21
26  21
26  24
26  24
26  21
26  1
26  12  
26  21
26  15
26  21
26  15
26  1
26  12
26  24
26  24
26  21
26  15
26  21
26  21
26  24
26  21
26  12
